255.054 337.942 348.203 248.379 373.282 216.136 367.909 149.858 280.135 151.648 120.707 380.931 152.95 354.062 215.644 420.341 249.678 477.663 453.888 320.033 482.55 243.007
246.877 339.236 353.738 250.16 393.071 224.853 374.619 162.928 303.546 145.553 131.766 337.362 116.436 382.52 231.637 478.454 251.646 444.724 435.763 292.038 460.901 242.174
262.755 341.169 343.534 264.335 379.617 225.236 371.269 145.132 297.726 146.371 157.906 329.972 130.572 373.856 209.12 497.352 237.683 441.44 454.674 304.375 455.143 230.763
272.257 337.609 328.248 268.914 353.67 232.872 387.312 142.092 307.029 149.406 167.947 327.974 101.57 374.513 209.887 483.249 262.693 453.882 442.954 302.414 466.433 227.075
252.858 356.452 335.755 254.689 365.499 205.289 382.427 153.653 292.888 152.127 130.802 374.789 158.679 346.193 199.508 435.193 252.248 476.085 468.177 318.279 461.159 227.251
253.404 342.8 353.009 260.223 402.303 221.548 381.34 164.854 299.614 150.028 117.74 357.067 125.792 379.787 222.969 435.048 247.349 465.829 448.23 300.458 448.249 222.357
261.023 337.451 342.643 260.395 386.29 227.365 374.568 143.035 301.57 150.75 150.352 338.857 122.712 382.543 213.124 496.156 242.413 426.134 446.676 303.662 458.631 233.651
271.554 338.655 330.574 253.056 359.021 222.858 379.153 129.338 296.633 143.764 180.027 340.724 106.235 369.286 201.545 482.726 273.835 452.104 429.021 323.21 472.403 244.279
271.926 328.178 316.72 273.145 338.353 229.641 380.285 163.801 299.868 165.818 145.041 355.605 121.945 384.848 201.305 437.078 251.06 453.202 448.883 274.389 524.615 234.294
252.43 343.004 348.517 273.299 389.056 223.149 365.904 169.263 282.298 179.092 150.056 329.213 136.624 362.475 199.028 465.426 230.956 464.638 465.057 287.527 480.073 202.915
263.505 344.449 349.086 251.738 377.543 205.236 336.207 153.781 263.847 186.991 128.109 328.621 189.453 329.819 207.741 504.899 223.056 442.437 461.081 313.202 500.372 238.828
267.197 341.872 321.797 274.874 357.049 244.223 388.739 124.48 309.844 164.413 154.244 344.278 137.172 377.218 188.928 450.213 250.954 470.946 445.188 292.249 478.888 215.234
267.789 317.126 335.998 269.376 382.169 240.194 306.07 112.837 257.958 172.298 154.216 327.222 128.708 386.394 222.364 456.675 257.366 412.01 451.691 321.091 535.672 284.776
258.478 344.056 348.71 268.628 378.172 213.365 292.896 134.111 256.254 193.298 130.424 326.41 200.294 334.836 226.764 437.843 208.778 476.578 460.654 306.267 538.575 264.607
265.618 329.489 322.078 257.574 338.922 221.559 402.06 92.1951 331.02 137.099 172.213 349.009 123.653 396.526 219.849 483.656 265.621 438.346 415.253 338.023 443.714 256.525
261.23 344.845 350.37 250.716 376.155 206.961 367.815 169.538 294.965 168.723 167.166 359.674 119.983 354.971 181.995 453.738 249.551 474.06 461.68 296.823 469.09 219.953
255.994 334.376 346.385 250.01 390.079 217.899 387.621 164.85 307.69 145.694 143.176 333.89 123.749 376.576 224.615 497.259 241.873 451.977 436.968 297.734 441.85 229.734
262.04 338.662 354.961 267.273 398.651 224.474 358.979 146.825 275.2 165.272 139.293 326.684 136.046 385.11 209.38 494.715 235.504 410.999 461.846 303.952 468.1 236.035
274.358 327.678 337.818 271.843 378.94 233.93 368.815 132.85 278.396 149.185 148.854 330.713 119.875 380.46 207.69 462.549 260.817 453.045 460.838 322.091 463.599 235.656
274.212 323.022 343.089 266.076 375.6 227.128 392.573 167.27 303.197 160.711 147.487 347.868 109.154 392.678 205.541 438.391 237.97 474.018 463.459 291.084 447.716 211.753
263.34 340.47 338.203 267.686 368.148 238.572 373.913 137.596 312.84 176.985 168.399 358.534 152.106 364.096 176.066 492.709 219.663 440.043 436.023 271.379 491.298 211.929
277.597 335.492 328.118 280.208 360.129 252.896 378.969 125.685 297.82 161.428 168.543 332.878 102.741 368.467 196.337 465.974 267.166 456.797 451.42 305.174 471.16 215.002
266.82 333.645 358.856 264.059 390.421 220.429 346.748 161.956 298.338 178.178 122.96 336.106 148.249 390.671 221.825 433.214 203.111 468.816 461.17 301.568 481.503 211.358
259.036 344.844 332.88 279.142 359.669 247.152 369.144 154.181 286.111 156.998 139.876 326.884 143.203 375.514 192.866 438.999 255.182 468.262 474.271 299.456 487.764 208.568
262.642 331.882 341.827 263.496 376.567 226.363 385.663 145.631 318.375 161.518 142.318 356.979 114.126 385.83 213.905 476.375 239.605 434.788 443.219 290.719 461.753 226.42
253.864 343.38 343.78 258.222 378.164 215.886 360.949 140.411 296.671 162.014 127.587 350.921 174.069 363.532 223.319 440.595 210.708 487.077 453.057 308.361 477.831 229.6
274.529 351.711 320.939 256.897 349.8 220.025 353.082 127.132 291.962 150.808 181.272 358.75 117.38 363.382 195.374 447.09 260.5 456.28 441.556 304.219 513.605 263.705
286.057 325.653 323.012 277.666 341.163 236.048 304.88 101.776 262.71 170.07 177.377 341.338 145.276 354.145 191.558 438.434 262.42 452.003 462.449 311.382 543.099 291.485
244.728 344.359 350.987 256.561 388.601 212.901 363.406 128.004 293.104 159.927 127.598 342.829 181.361 381.561 207.881 476.229 224.173 440.436 456.194 316.925 461.968 240.267
244.577 328.767 339.261 260.314 389.437 226.905 371.617 137.632 290.327 140.563 124.648 354.928 174.202 398.099 224.894 469.232 220.305 429.834 429.171 304.085 491.562 249.641
272.292 320.865 332.748 256.197 356.991 228.248 390.762 140.676 319.317 134.713 143.891 348.421 120.463 393.321 214.344 479.358 258.364 442.863 440.313 319.19 450.516 236.148
258.739 337.383 354.644 248.211 383.118 222.148 372.599 152.193 302.644 162.712 149.913 343.298 106.892 385.937 209.822 487.811 250.401 418.774 464.748 309.059 446.481 232.473
241.571 341.031 314.57 256.973 351.989 232.533 417.889 127.99 331.5 147.576 133.266 366.814 115.646 375.718 251.166 459.143 261.252 449.492 418.645 304.567 462.506 238.162
264.664 333.765 337.192 276.665 377.567 255.984 371.748 115.365 325.016 160.91 157.809 341.704 113.676 374.365 206.008 494.896 251.865 433.755 430.232 284.04 464.222 228.55
247.429 350.79 351.558 268.663 381.258 222.386 362.061 136.709 288.319 174.062 135.821 329.168 163.255 369.3 211.644 487.04 221.512 437.116 454.711 299.601 482.433 225.165
265.408 347.605 327.537 254.561 368.327 226.193 360.214 106.219 306.554 151.856 135.938 360.72 146.495 381.386 215.594 421.705 252.867 472.557 428.944 319.498 492.123 257.701
257.49 351.693 326.871 280.621 354.637 241.627 370.061 181.301 297.518 195.568 179.625 347.185 125.857 356.13 175.599 437.853 227.396 465.137 474.241 265.079 510.704 177.807
266.207 337.437 344.955 272.07 374.98 228.726 334.706 115.768 300.906 174.624 159.491 348.57 153.543 361.183 194.107 475.736 221.953 447.616 454.123 301.679 495.029 236.591
262.686 349.505 337.914 277.364 372.127 244.283 370.63 143.135 304.573 172.559 129.333 328.073 155.974 387.535 201.887 446.635 224.714 465.751 444.163 271.384 495.998 213.775
249.91 334.798 348.186 249.444 380.281 215.909 352.763 138.381 273.872 157.063 119.584 362.5 155.033 353.052 243.848 471.418 234.399 435.969 439.129 318.273 502.997 263.193
256.985 340.452 343.628 258.799 382.286 227.373 351.975 111.975 298.892 156.654 143.598 348.451 158.71 369.354 209.473 480.285 234.426 445.08 437.459 309.696 482.566 251.881
254.38 349.583 347.944 267.012 385.305 227.75 348.398 134.992 298.505 168.15 144.924 332.758 146.291 375.832 205.464 476.242 230.039 441.698 446.325 294.404 492.424 231.581
277.589 323.07 329.563 264.715 357.592 232.527 309.541 107.39 283.176 154.668 164.907 326.821 125.596 359.634 222.996 473.76 265.837 444.891 444.053 318.552 519.149 293.971
263.992 329.375 329.683 276.549 367.968 241.158 359.017 135.581 293.844 171.88 149.755 347.591 126.599 384.624 210.751 432.029 233.231 459.982 457.466 298.073 507.695 223.158
254.757 336.883 342.046 262.939 375.023 227.948 398.688 149.692 333.887 159.608 141.157 353.742 115.29 383.591 208.796 471.067 250.278 454.447 436.896 282.248 443.183 217.833
255.322 347.296 337.656 259.025 393.474 223.902 364.297 153.606 278.14 152.318 112.309 362.744 145.156 345.518 248.923 430.052 234.32 476.378 446.678 316.823 483.724 232.337
252.557 339.562 345.293 257.208 385.448 224.543 363.954 110.994 299.753 158.726 134.85 324.749 159.276 379.765 226.602 492.194 234.432 445.719 434.601 317.182 463.234 249.358
280.346 326.929 336.462 256.507 363.653 220.229 371.031 148.687 296.759 148.844 161.143 345.901 110.749 379.786 202.58 455.697 252.453 464.749 462.758 320.339 462.064 232.332
263.522 333.446 322.584 267.875 375.662 242.867 359.583 124.768 296.418 167.885 149.039 356.878 131.6 378.603 210.357 438.484 239.83 459.052 435.308 289.137 516.094 241.006
254.452 343.354 337.267 268.994 360.382 225.014 363.053 101.603 311.603 161.597 166.085 354.231 115.584 386.469 220.4 436.362 245.876 458.845 437.774 309.477 487.524 254.056
254.341 351.63 339.564 272.305 369.792 230.409 385.01 152.861 315.674 176.311 127.106 330.799 154.28 355.355 214.242 499.623 226.577 448.58 444.228 277.116 469.185 205.01
269.038 349.235 322.655 267.163 356.192 231.983 383.835 141.937 323.912 151.965 184.341 353.552 103.912 368.653 184.542 457.829 261.524 466.302 445.465 299.179 464.585 212.202
253.201 344.519 339.352 275.4 378.028 244.103 353.816 127.279 304.691 174.19 146.021 346.372 119.918 374.116 223.495 445.206 233.391 453.602 444.881 282.638 503.207 232.575
266.113 354.784 343.2 279.138 384.097 248.734 327.991 100.346 279.496 168.029 190.108 356.597 122.427 353.343 190.834 415.954 244.402 474.222 455.4 313.516 495.932 235.338
248.083 362.452 343.784 260.075 369.707 210.951 365.388 144.524 297.823 162.647 132.49 335.832 156.452 351.934 231.326 457.897 223.971 478.023 457.037 306.778 473.94 228.887
258.865 347.966 320.168 279.128 323.509 245.407 357.123 88.0964 316.932 166.238 176.047 354.983 152.491 362.263 191.566 453.066 246.072 456.864 445.095 295.913 512.131 250.076