425 483 499 476 510 472 565 451 527 417 375 437 357 450 372 507 382 534 539 525 599 539
624 484 696 429 707 412 689 378 649 381 569 466 562 486 601 552 621 545 752 440 758 389
754 321 773 237 768 216 732 201 715 239 695 339 733 324 790 395 774 368 843 231 839 184
580 257 627 296 644 309 714 307 694 270 588 209 564 190 523 230 524 262 621 355 671 361
381 333 427 370 451 385 496 381 474 339 393 284 365 271 328 306 331 335 430 440 480 454
534 416 614 402 636 398 670 339 635 349 505 401 491 398 452 477 490 457 650 442 699 429
728 348 751 386 754 405 805 437 803 395 758 298 758 273 679 294 676 334 699 433 729 475
836 412 818 330 808 315 766 315 765 350 810 459 819 477 882 450 867 432 866 291 830 259
460 499 471 419 472 399 473 322 435 363 394 538 412 542 508 547 501 541 532 417 534 375
702 484 613 468 595 450 518 523 566 524 733 533 770 524 781 434 732 452 586 413 544 425
530 331 611 290 628 277 649 214 603 224 487 317 473 301 497 356 527 389 640 345 688 318
732 294 707 201 696 186 638 167 638 211 683 334 721 328 792 324 778 319 752 156 718 119
482 484 521 400 540 379 536 324 492 348 427 488 413 509 481 548 506 533 592 403 584 352
584 295 632 220 632 202 608 169 569 187 530 308 544 295 604 355 592 329 682 242 690 190
781 349 709 307 692 297 662 355 617 333 788 427 813 388 871 335 849 340 728 249 686 245
344 298 391 332 420 347 490 346 462 318 345 244 319 207 281 262 292 297 379 400 421 425