420 485 492 472 505 468 568 452 525 415 382 444 359 447 370 507 387 534 544 524 587 534
630 476 691 427 707 410 694 382 648 381 580 467 566 474 604 550 624 537 754 439 757 387
757 316 776 241 772 221 739 204 713 245 702 333 718 333 790 393 777 369 836 235 842 182
581 257 632 291 650 309 711 306 699 275 581 207 571 189 532 228 515 265 621 355 677 369
391 334 424 376 443 385 497 377 483 337 396 292 366 265 343 300 335 341 432 437 473 449
536 421 614 404 638 399 664 339 632 351 502 406 491 400 455 474 485 463 657 446 701 432
725 343 743 397 751 408 807 437 805 398 761 301 752 273 669 297 679 327 703 427 732 474
838 411 817 334 809 310 761 318 769 345 810 464 823 484 871 447 887 457 861 299 827 260
461 497 472 423 477 405 473 329 442 363 399 526 410 543 509 549 492 519 536 419 533 367
696 481 614 469 597 453 515 518 563 520 725 531 765 534 769 443 740 449 586 412 544 423
729 285 708 202 698 181 641 168 641 217 695 324 709 337 805 329 780 312 752 155 723 118
538 328 610 288 636 280 647 216 606 226 494 316 475 294 516 360 526 386 641 340 686 320
592 293 628 222 641 200 609 171 565 184 523 312 546 291 590 316 605 356 684 248 689 194
788 349 713 310 691 293 611 334 661 349 786 419 818 388 874 335 822 340 725 247 686 247
488 476 528 398 538 381 535 329 497 350 425 495 417 528 484 542 514 543 592 403 584 345
343 300 391 339 410 350 491 345 460 318 343 243 319 201 281 255 294 299 381 404 420 421