-0.0843887 -0.126091 0.0745381 0.0689561 0.0998218 0.126748 0.107045 0.365139 -0.0229858 0.285675 -0.243316 -0.111644 -0.340839 -0.191107 -0.153016 -0.321138 -0.0482685 -0.350034 0.269585 0.0364486 0.341824 0.217048
-0.0655872 -0.104496 0.0787752 0.112016 0.116702 0.214238 0.032639 0.297418 -0.0840339 0.22154 -0.33653 -0.104255 -0.232831 -0.10538 -0.122488 -0.414206 -0.0996749 -0.300357 0.326817 0.0146498 0.386212 0.168832
-0.101009 -0.117113 0.116422 0.0715462 0.15995 0.17567 0.0687484 0.270409 -0.0642805 0.243342 -0.321499 -0.0883433 -0.278653 -0.162747 -0.139709 -0.345697 -0.100807 -0.341956 0.332016 0.0565823 0.328821 0.238307
-0.0790406 -0.118769 0.0331808 0.0715803 0.0525249 0.152461 0.118131 0.300814 -0.0492119 0.260065 -0.260982 -0.130901 -0.341893 -0.199688 -0.145865 -0.299718 -0.0471141 -0.312549 0.268123 0.0869531 0.452147 0.18975
-0.0583933 -0.103397 0.0609331 0.0670775 0.107111 0.12435 0.0975208 0.316691 -0.0680104 0.254932 -0.266906 -0.102537 -0.339517 -0.223421 -0.177183 -0.281554 -0.0576411 -0.334958 0.323226 0.0699788 0.378859 0.212837
-0.0806781 -0.108984 0.0856354 0.101387 0.114433 0.150063 0.0791321 0.368086 -0.00481106 0.266517 -0.207266 -0.125913 -0.252603 -0.175157 -0.201703 -0.423112 -0.127067 -0.320538 0.25889 0.0709037 0.336039 0.196747
-0.0492915 -0.0979366 0.0511984 0.0544455 0.107605 0.113454 0.0800308 0.372309 -0.0542717 0.273505 -0.241531 -0.0975171 -0.383051 -0.177465 -0.148935 -0.348113 -0.00936433 -0.302172 0.294871 0.0022038 0.352738 0.207286
-0.0935262 -0.10346 0.105038 0.0996035 0.153353 0.172644 0.0795504 0.295215 -0.0456214 0.233032 -0.31952 -0.107686 -0.302528 -0.238094 -0.121034 -0.269451 -0.120272 -0.343707 0.316289 0.0334237 0.348272 0.228479
-0.111949 -0.130401 0.0493712 0.0991134 0.0973191 0.149449 0.164983 0.370885 0.0320611 0.315746 -0.339189 -0.139318 -0.320876 -0.194395 -0.0354208 -0.359394 -0.0496805 -0.295347 0.214378 0.0101469 0.299003 0.173515
-0.0735579 -0.0866039 0.0784399 0.0720356 0.136684 0.105361 0.0981334 0.397593 0.0134385 0.27019 -0.26587 -0.113836 -0.33984 -0.223676 -0.128243 -0.373568 -0.0838076 -0.300807 0.250278 0.0601011 0.314345 0.193211
-0.0805255 -0.101776 0.0941192 0.104969 0.128416 0.14982 0.0568537 0.338905 -0.0562096 0.233065 -0.337268 -0.0714598 -0.237735 -0.180674 -0.111167 -0.401598 -0.125589 -0.297586 0.303952 0.0374985 0.365153 0.188838
-0.0925596 -0.152272 0.0567121 0.093827 0.0913377 0.156924 0.0781267 0.396818 -0.0402716 0.308212 -0.259668 -0.156886 -0.349147 -0.131294 -0.0619994 -0.35675 -0.0473215 -0.276449 0.256699 -0.0240727 0.368092 0.141944
-0.0397595 -0.090793 0.0765944 0.0778336 0.103414 0.127467 0.0732211 0.39033 -0.017084 0.281476 -0.227236 -0.12885 -0.348989 -0.226498 -0.205565 -0.324372 -0.0396908 -0.315154 0.306906 0.04436 0.318188 0.1642
-0.0878496 -0.113447 0.0917107 0.0986387 0.127013 0.174531 0.14574 0.30844 -0.000802715 0.297777 -0.281433 -0.149422 -0.372624 -0.216691 -0.10783 -0.359313 -0.0725276 -0.283421 0.28003 0.0491567 0.278574 0.193751
-0.0970273 -0.137149 0.0985446 0.111807 0.161513 0.182237 0.0465857 0.323006 -0.107213 0.288078 -0.244158 -0.134411 -0.347857 -0.127708 -0.0798686 -0.36938 -0.0840324 -0.283181 0.289037 -0.0190305 0.364476 0.165731
-0.0973637 -0.125468 0.0771949 0.104707 0.143958 0.15379 0.0580845 0.410948 -0.0182723 0.271761 -0.320075 -0.0781351 -0.246156 -0.214053 -0.105788 -0.396081 -0.0902025 -0.27305 0.275949 0.000500951 0.32267 0.145081