257.806 236.954 337.269 334.478 349.911 363.374 353.523 482.569 288.507 442.837 178.342 244.178 129.58 204.446 223.492 139.431 275.866 124.983 434.793 318.224 470.912 408.524
267.206 247.752 339.388 356.008 358.351 407.119 316.32 448.709 257.983 410.77 131.735 247.873 183.585 247.31 238.756 92.897 250.163 149.822 463.408 307.325 493.106 384.416
249.496 241.443 358.211 335.773 379.975 387.835 334.374 435.205 267.86 421.671 139.251 255.828 160.674 218.626 230.146 127.152 249.597 129.022 466.008 328.291 464.41 419.153
260.48 240.615 316.59 335.79 326.262 376.231 359.066 450.407 275.394 430.032 169.509 234.55 129.053 200.156 227.067 150.141 276.443 143.726 434.061 343.477 526.074 394.875
270.803 248.302 330.467 333.539 353.555 362.175 348.76 458.345 265.995 427.466 166.547 248.732 130.242 188.289 211.409 159.223 271.179 132.521 461.613 334.989 489.43 406.419
259.661 245.508 342.818 350.693 357.216 375.032 339.566 484.043 297.594 433.258 196.367 237.044 173.699 212.421 199.148 88.4438 236.466 139.731 429.445 335.452 468.02 398.373
275.354 251.032 325.599 327.223 353.802 356.727 340.015 486.154 272.864 436.752 179.235 251.241 108.474 211.268 225.533 125.944 295.318 148.914 447.436 301.102 476.369 403.643
253.237 248.27 352.519 349.802 376.676 386.322 339.775 447.608 277.189 416.516 140.24 246.157 148.736 180.953 239.483 165.274 239.864 128.146 458.145 316.712 474.136 414.24
244.026 234.799 324.686 349.557 348.66 374.725 382.492 485.442 316.031 457.873 130.406 230.341 139.562 202.802 282.29 120.303 275.16 152.326 407.189 305.073 449.502 386.757
263.221 256.698 339.22 336.018 368.342 352.68 349.067 498.796 306.719 435.095 167.065 243.082 130.08 188.162 235.879 113.216 258.096 149.596 425.139 330.051 457.173 396.606
259.737 249.112 347.06 352.484 364.208 374.91 328.427 469.453 271.895 416.533 131.366 264.27 181.133 209.663 244.417 99.2008 237.206 151.207 451.976 318.749 482.576 394.419
253.72 223.864 328.356 346.914 345.669 378.462 339.063 498.409 279.864 454.106 170.166 221.557 125.426 234.353 269 121.625 276.339 161.775 428.35 287.964 484.046 370.972
280.12 254.604 338.297 338.917 351.707 363.733 336.611 495.165 291.458 440.738 186.382 235.575 125.505 186.751 197.218 137.814 280.155 142.423 453.453 322.18 459.094 382.1
256.075 243.276 345.855 349.319 363.507 387.265 372.87 454.22 299.599 448.889 159.284 225.289 113.688 191.655 246.085 120.344 263.736 158.29 440.015 324.578 439.287 396.875
251.486 231.425 349.272 355.904 380.756 391.119 323.293 461.503 246.393 444.039 177.921 232.794 126.072 236.146 260.066 115.31 257.984 158.41 444.519 290.485 482.238 382.865
251.318 237.266 338.597 352.353 371.979 376.895 329.042 505.474 290.864 435.88 139.963 260.932 176.922 192.974 247.106 101.959 254.899 163.475 437.974 300.25 461.335 372.54